FIPS      1990      1980      1970      1960  County 
08001    265038    245944    185789    120296 Adams  
08003     13617     11799     11422     10000 Alamosa  
08005    391511    293621    162142    113426 Arapahoe  
08007      5345      3664      2733      2629 Archuleta  
08009      4556      5419      5674      6310 Baca  
08011      5048      5945      6493      7419 Bent  
08013    225339    189625    131889     74254 Boulder  
08015     12684     13227     10162      8298 Chaffee  
08017      2397      2153      2396      2789 Cheyenne  
08019      7619      7308      4819      2793 Clear Creek  
08021      7453      7794      7846      8428 Conejos  
08023      3190      3071      3091      4219 Costilla  
08025      3946      2988      3086      3978 Crowley  
08027      1926      1528      1120      1305 Custer  
08029     20980     21225     15286     15602 Delta  
08031    467610    492365    514678    493887 Denver  
08033      1504      1658      1641      2196 Dolores  
08035     60391     25153      8407      4816 Douglas  
08037     21928     13320      7498      4677 Eagle  
08039      9646      6850      3903      3708 Elbert  
08041    397014    309424    235972    143742 El Paso  
08043     32273     28676     21942     20196 Fremont  
08045     29974     22514     14821     12017 Garfield  
08047      3070      2441      1272       685 Gilpin  
08049      7966      7475      4107      3557 Grand  
08051     10273     10689      7578      5477 Gunnison  
08053       467       408       202       208 Hinsdale  
08055      6009      6440      6590      7867 Huerfano  
08057      1605      1863      1811      1758 Jackson  
08059    438430    371753    233031    127520 Jefferson 
08061      1688      1936      2029      2425 Kiowa 
08063      7140      7599      7530      6957 Kit Carson  
08065      6007      8830      8282      7101 Lake  
08067     32284     27424     19199     19225 La Plata  
08069    186136    149184     89900     53343 Larimer  
08071     13765     14897     15744     19983 Las Animas  
08073      4529      4663      4836      5310 Lincoln  
08075     17567     19800     18852     20302 Logan  
08077     93145     81530     54374     50715 Mesa  
08079       558       804       786       424 Mineral  
08081     11357     13133      6525      7061 Moffat  
08083     18672     16510     12952     14024 Montezuma  
08085     24423     24352     18366     18286 Montrose  
08087     21939     22513     20105     21192 Morgan  
08089     20185     22567     23523     24128 Otero  
08091      2295      1925      1546      1601 Ouray  
08093      7174      5333      2185      1822 Park  
08095      4189      4542      4131      4440 Phillips  
08097     12661     10338      6185      2381 Pitkin  
08099     13347     13070     13258     13296 Prowers  
08101    123051    125972    118238    118707 Pueblo  
08103      5972      6255      4842      5150 Rio Blanco  
08105     10770     10511     10494     11160 Rio Grande  
08107     14088     13404      6592      5900 Routt  
08109      4619      3935      3827      4473 Saguache  
08111       745       833       831       849 San Juan  
08113      3653      3192      1949      2944 San Miguel  
08115      2690      3266      3405      4242 Sedgwick  
08117     12881      8848      2665      2073 Summit  
08119     12468      8034      3316      2495 Teller  
08121      4812      5304      5550      6625 Washington  
08123    131821    123438     89297     72344 Weld  
08125      8954      9682      8544      8912 Yuma  
